0.0461918 0.163563
0.0418383 0.165239
0.0291109 0.169794
0.0175245 0.17229
0.0150875 0.172814
0.0129729 0.173021
-0.00155864 0.174131
-0.00740435 0.174198
-0.0187054 0.173882
-0.0269679 0.173303
-0.0315805 0.172712
-0.0430823 0.17073
-0.0499116 0.169396
-0.0583143 0.167306
-0.0656225 0.165684
-0.0696835 0.164317
-0.0774795 0.162113
-0.0873384 0.157706
-0.0987211 0.153246
-0.109058 0.147557
-0.111769 0.146008
-0.11542 0.143192
-0.119784 0.140062
-0.125155 0.13515
-0.126242 0.134218
-0.127042 0.133324
-0.133924 0.125393
-0.138629 0.118099
-0.139151 0.117287
-0.140122 0.115437
-0.143494 0.108943
-0.145516 0.104397
-0.147144 0.0999688
-0.148555 0.094184
-0.149471 0.0900933
-0.150567 0.0806948
-0.150615 0.0802682
-0.150658 0.0790032
-0.150937 0.0705548
-0.15084 0.0672139
-0.150693 0.064212
-0.149699 0.0557422
-0.14923 0.0508738
-0.14689 0.0393085
-0.146806 0.0389108
-0.146728 0.0385562
-0.144432 0.0284635
-0.142811 0.0225963
-0.142346 0.0207414
-0.141695 0.0191217
-0.138471 0.00903003
-0.138221 0.00828699
-0.138156 0.00806508
-0.137929 0.0073598
-0.136744 0.00349434
-0.136528 0.00195262
-0.136564 0.000898188
-0.136754 -0.000555448
-0.137378 -0.00357214
-0.137039 -0.00704229
-0.136805 -0.00945449
-0.136473 -0.0106671
-0.136096 -0.0123474
-0.134907 -0.0160468
-0.132423 -0.0233848
-0.131142 -0.0269832
-0.128997 -0.032879
-0.126219 -0.0394126
-0.125743 -0.0409517
-0.122535 -0.0489466
-0.122306 -0.0497542
-0.120812 -0.0529999
-0.116391 -0.0619529
-0.111897 -0.070207
-0.106627 -0.0786225
-0.105314 -0.0806896
-0.0994059 -0.0879193
-0.0950963 -0.0938913
-0.0882014 -0.101336
-0.0852022 -0.104075
-0.0798336 -0.108829
-0.0784418 -0.109927
-0.0779263 -0.110342
-0.0752586 -0.112322
-0.0713583 -0.11546
-0.066677 -0.11776
-0.0602977 -0.12049
-0.056007 -0.123937
-0.0511062 -0.127398
-0.0507553 -0.127636
-0.0506152 -0.127745
-0.0505385 -0.127822
-0.0503755 -0.127978
-0.0438646 -0.133601
-0.0406502 -0.135879
-0.0396703 -0.136614
-0.0379889 -0.137601
-0.0359384 -0.138675
-0.034236 -0.139916
-0.0313818 -0.141267
-0.0289564 -0.142068
-0.0253993 -0.142878
-0.0201062 -0.144564
-0.0196047 -0.144685
-0.00748186 -0.151987
-0.00746817 -0.151993
-0.00728291 -0.152105
0.00266004 -0.158122
0.0030457 -0.158333
0.00347241 -0.15856
0.00731158 -0.160468
0.0137633 -0.163651
0.0148089 -0.164126
0.019971 -0.166168
0.0246686 -0.167858
0.0282283 -0.169111
0.0324669 -0.170252
0.0421539 -0.172464
0.0449218 -0.172832
0.0527825 -0.173291
0.0535969 -0.173303
0.0590412 -0.173241
0.0670505 -0.172169
0.0697603 -0.171851
0.0713254 -0.171628
0.0731225 -0.171145
0.0791785 -0.169516
0.0838739 -0.168021
0.0845513 -0.167756
0.0856284 -0.167298
0.0940732 -0.163298
0.100296 -0.159562
0.109872 -0.15257
0.110455 -0.152113
0.110633 -0.151958
0.111386 -0.151256
0.118118 -0.145045
0.119568 -0.143587
0.12464 -0.138221
0.128947 -0.133074
0.13347 -0.126483
0.134121 -0.125606
0.135593 -0.123322
0.144222 -0.110349
0.146197 -0.107315
0.154444 -0.0918386
0.157355 -0.0861679
0.160364 -0.0789489
0.162422 -0.0735545
0.163329 -0.0700482
0.16859 -0.0553508
0.170842 -0.0476001
0.171538 -0.0443688
0.172401 -0.0386898
0.173581 -0.0315013
0.174077 -0.0262714
0.174175 -0.0211834
0.173559 -0.0113319
0.17176 -0.00110128
0.170539 0.0058683
0.166259 0.0179388
0.165296 0.0207877
0.164292 0.0226795
0.157371 0.035675
0.150731 0.0444704
0.148651 0.0473897
0.14161 0.0555007
0.135963 0.0615194
0.133109 0.0648861
0.122183 0.0791896
0.115451 0.0885385
0.106147 0.100574
0.0992931 0.111417
0.0937531 0.119594
0.0807495 0.137831
0.0799923 0.138921
0.0795845 0.139374
0.0789163 0.139955
0.0663535 0.151381
0.0540052 0.158791
0.0486283 0.162222
0.0461918 0.163563
