2
12478 275 
43
10963 10941 10976 11026 11039 11064 11119 11158 11174 11182 11179 11211 11214 11220 11181 11184 11188 11132 11153 11170 11127 11155 11140 11120 11128 11091 11076 10984 11080 11035 10933 11040 10957 10974 10943 10968 10965 10949 11002 10996 11028 10907 10970 
108
9285 9274 9191 9237 9310 9278 9234 9139 9179 9078 9251 9185 9240 9178 9054 9347 9315 9151 9051 9043 9041 9021 8981 9006 8971 9019 9044 8976 9052 8970 9113 9085 9259 9206 9272 9297 9196 9233 9161 9117 9155 8997 8945 8872 8782 9060 8795 8736 8805 8682 8913 8780 8917 8876 8750 8680 8539 8442 8701 8683 8691 8763 8637 8751 8459 8817 8491 8704 8416 8720 8716 8589 8788 8688 8633 8611 8687 8695 8618 8666 8569 8882 8859 8643 8752 8827 8843 8890 8833 8990 9014 8808 8977 8871 9025 8927 8964 8947 9028 9031 9072 8975 9176 9202 9102 9152 9187 9181 
69
6937 6996 6948 7005 6940 7000 7021 7035 7073 7075 7094 7102 7118 7137 7188 7224 7248 7162 7218 7270 7257 7250 7203 7302 7183 7261 7194 7253 7196 7230 7144 7314 7146 7134 7219 7082 7091 7269 7231 7245 7238 7158 7226 7208 7265 7301 7221 7353 7273 7235 7316 7325 7266 7163 7124 7078 7050 6970 6927 7006 7019 7001 6949 6951 6982 6977 6935 6986 6967 
83
5735 5803 5720 5883 5745 5948 5716 5984 5863 5816 5921 5874 5952 5890 6028 6144 6175 6186 6191 6131 6162 6242 6118 6197 6275 6359 6375 6391 6299 6510 6481 6437 6454 6554 6578 6589 6462 6344 6329 6262 6180 6140 6119 6246 6281 6395 6380 6369 6286 6227 6272 6342 6160 6407 6182 6190 6152 6224 6304 6353 6253 6296 6313 6285 6250 6151 6126 6071 6004 5975 5991 5911 5950 5925 5814 6052 6048 5998 5920 5900 5826 5595 5695 
66
11053 11038 11005 10999 11019 11006 11011 10990 10971 10975 10962 10934 10927 10903 10883 10856 10768 10729 10714 10653 10619 10631 10548 10546 10495 10414 10365 10285 10248 10247 10181 10207 10129 10110 10055 10005 9861 9776 9522 9469 9243 9039 9238 8949 8781 8541 8613 8521 8411 8420 8227 8041 7890 7815 7700 7505 7379 7338 7184 7002 6900 6730 6588 6428 6276 6034 
71
12498 4050 4066 4041 4023 3949 3857 3749 3690 3602 3538 3581 3572 3490 3374 3273 3203 3138 3004 2943 2920 2866 2775 2689 2646 2671 2581 2492 2452 2418 2375 2308 2263 2195 2224 2180 2129 2165 2120 2060 2012 2034 1983 1930 1879 1839 1765 1676 1648 1614 1550 1509 1441 1362 1336 1321 1272 1226 1166 1220 1209 1156 1104 986 851 811 839 752 547 348 138 
32
10814 10888 10840 10905 10923 10940 10950 10992 10973 11007 11016 11024 11034 11030 10979 11012 11015 11033 11038 11005 10999 11019 11006 11011 10990 10971 10975 10962 10934 10927 10903 10848 
64
11122 11081 11086 11053 11015 10898 11012 10921 10901 10837 10690 10284 10240 10081 9941 9725 9466 9216 9099 8851 8720 8416 8160 7999 7891 7626 7502 7314 7146 6973 6932 6954 6924 6889 6872 6860 6832 6784 6802 6742 6700 6777 6708 6656 6661 6573 6508 6441 6262 6094 5865 5694 5499 5645 5511 5343 5166 5012 4837 4760 4704 4648 4593 4486 
79
7644 7591 7662 7656 7621 7635 7614 7616 7638 7649 7725 7743 7804 7819 7842 7913 7900 7887 7948 7893 7924 7903 7909 8018 8063 8036 7986 8002 7933 7902 7908 7862 7724 7664 8060 7915 7626 7891 7843 7835 7816 7598 7879 7760 7852 7733 7695 7794 7689 7742 7867 7920 7740 7653 7781 7766 7693 7752 7748 7720 7883 7741 7800 7808 7812 7824 7782 7648 7762 7772 7765 7729 7702 7660 7661 7673 7716 7707 7710 
129
4642 4596 4539 4623 4619 4615 4698 4712 4696 4529 4750 4654 4482 4681 4533 4664 4729 4597 4659 4616 4778 4735 4680 4739 4679 4804 4833 4786 4864 4888 4910 4790 4899 4779 5044 4844 4988 4808 5033 5011 4963 5015 4918 5105 5047 5013 4911 5045 5001 4835 5005 4832 4990 4826 5032 4973 4879 4934 4967 4965 4797 4993 4922 4818 4774 4951 4854 5000 4952 4791 4802 4895 4850 4813 4828 4857 4837 4930 4932 4960 4904 4859 4764 4896 4798 4921 4868 4845 4900 4862 5034 4903 4753 4843 4653 4742 4856 4839 4902 4913 4909 4891 4940 4937 4929 4847 4831 4785 4761 4936 4812 4682 4881 4824 4805 4771 4782 4767 4769 4722 4762 4738 4706 4624 4730 4650 4575 4670 4612 
120
8491 8166 7916 7843 7639 7535 7376 7501 7219 7134 6954 6924 6889 6932 6872 6860 6832 6888 6802 6784 6742 6700 6777 6708 6656 6661 6573 6508 6441 6262 6094 5865 5694 5499 5645 5511 5343 5166 5012 5038 4919 4857 4760 4775 4728 4669 4620 4553 4486 4320 4206 4169 4122 12498 12492 12490 12486 4257 4289 4337 4323 4354 4394 4490 4564 4642 4732 4933 5060 5158 5261 5281 5412 5530 5695 5985 6058 6065 6110 6121 6100 6153 6202 6263 6316 6354 6358 6411 6515 6686 6715 6810 6814 6917 6937 6996 7033 7062 7051 7119 7111 7211 7180 7242 7247 7279 7334 7377 7382 7481 7591 7769 7821 7919 7934 8048 8109 8237 8489 8587 
46
10886 10854 10904 10827 10809 10777 10686 10699 10576 10462 10392 10336 10264 10196 10121 9979 9755 9609 9483 9293 9147 9080 9166 8942 9022 8878 8729 8698 8769 8533 8350 8121 7963 7701 7443 7397 7072 6898 7179 7131 6901 6847 6803 6711 6748 6621 
57
9821 9829 9888 10000 9967 9979 10121 10100 10104 10093 10155 10132 10028 10159 10050 10116 10008 10152 10077 10033 10072 10016 9937 10053 9942 9860 9991 9822 9812 9525 9803 9395 9599 9835 9873 9768 9628 9727 9674 9622 9544 9671 9692 9654 9705 9711 9716 9675 9827 9601 9866 9684 9781 9954 9969 9828 9630 
21
6640 6647 6591 6621 6711 6732 6750 6681 6668 6697 6701 6649 6655 6601 6558 6574 6528 6624 6517 6584 6600 
149
8457 8415 8318 8296 8299 8186 8191 8099 7948 7887 7893 7796 7776 7683 7496 7409 7320 7218 7162 7067 6984 6820 6785 6734 6615 6698 6645 6614 6520 6562 6477 6418 6320 6416 6321 6242 6275 6197 6036 6118 6024 5845 5965 5596 5334 5124 4913 4800 4745 4647 4618 4531 4563 4484 4480 4347 4389 4282 4196 4089 3961 3914 3820 3885 3796 3701 3618 3529 3436 3445 3362 3363 3303 3307 3276 3242 3243 3214 3196 3152 3077 3013 2942 2801 2748 2675 2586 2519 2466 2433 2391 2329 2273 2220 2162 2103 2109 2089 2053 2051 2018 2043 1987 1994 1955 1958 1937 1900 1851 1794 1767 1706 1736 1704 1722 1684 1667 1629 1600 1574 1585 1532 1497 1436 1398 1329 1289 1258 1229 1249 1208 1206 1183 1172 1058 980 931 892 911 850 794 758 615 503 364 538 446 304 285 
49
2645 2691 2712 2631 2684 2589 2633 2578 2681 2648 2630 2542 2629 2565 2581 2492 2579 2543 2560 2500 2602 2580 2557 2511 2603 2559 2555 2468 2584 2551 2576 2552 2623 2521 2613 2539 2622 2608 2634 2668 2637 2638 2650 2606 2698 2714 2661 2670 2673 
59
3930 3878 4040 4030 3889 3869 3819 3959 3907 3920 3999 4009 3912 3903 3953 3975 3949 4000 4041 4023 3890 3993 3986 3983 3988 3995 4003 4010 3978 4053 3942 3996 4054 4137 3931 4036 4037 4016 3965 4057 3979 3948 4008 3957 3982 4038 4014 3997 3976 3964 4022 4045 4007 4072 4065 4034 3923 3969 3973 
